{"nbformat":4,"nbformat_minor":0,"metadata":{"colab":{"provenance":[{"file_id":"11r5paP3WHTrybuhXTcpYO8nVbv1m0FVK","timestamp":1715180634752}]},"kernelspec":{"name":"python3","display_name":"Python 3"},"language_info":{"name":"python"}},"cells":[{"cell_type":"code","execution_count":1,"metadata":{"colab":{"base_uri":"https://localhost:8080/","height":56},"id":"9U5fHsTXmTlI","executionInfo":{"status":"ok","timestamp":1727973736174,"user_tz":180,"elapsed":559,"user":{"displayName":"Jones Granatyr","userId":"10042675233362078631"}},"outputId":"fcf828b9-156f-48cb-ddad-0ad4441d79f9"},"outputs":[{"output_type":"execute_result","data":{"text/plain":["'1.26.4'"],"application/vnd.google.colaboratory.intrinsic+json":{"type":"string"}},"metadata":{},"execution_count":1}],"source":["import numpy as np\n","np.__version__"]},{"cell_type":"markdown","source":["### Matrix and vector products"],"metadata":{"id":"jA1Yy1o-hQFm"}},{"cell_type":"markdown","source":["The following array represents the grades from 5 students in 4 tests applied along a semester."],"metadata":{"id":"x3et92EVqR9t"}},{"cell_type":"code","source":["rng = np.random.default_rng(seed=5)"],"metadata":{"id":"IPPMPJzCqYUO","executionInfo":{"status":"ok","timestamp":1727973785805,"user_tz":180,"elapsed":432,"user":{"displayName":"Jones Granatyr","userId":"10042675233362078631"}}},"execution_count":2,"outputs":[]},{"cell_type":"code","source":["scores = np.clip( # limits the grade in the interval [0, 10]\n","    a=np.round( # rounds the grades to 1 decimal point\n","        a=rng.normal(loc=7, scale=2, size=20), # samples numbers from a normal distribution\n","        decimals=1\n","        ),\n","    a_min=0,\n","    a_max=10\n",").reshape(5, 4) # reshapes to the desired shape"],"metadata":{"id":"wyDF3CSRqdv6","executionInfo":{"status":"ok","timestamp":1727973828348,"user_tz":180,"elapsed":485,"user":{"displayName":"Jones Granatyr","userId":"10042675233362078631"}}},"execution_count":3,"outputs":[]},{"cell_type":"code","source":["scores"],"metadata":{"colab":{"base_uri":"https://localhost:8080/"},"id":"HVNVVSwWrPVu","executionInfo":{"status":"ok","timestamp":1727973830661,"user_tz":180,"elapsed":425,"user":{"displayName":"Jones Granatyr","userId":"10042675233362078631"}},"outputId":"ad8e7ecc-5fa3-456c-c9d3-97045c8af310"},"execution_count":4,"outputs":[{"output_type":"execute_result","data":{"text/plain":["array([[ 5.4,  4.4,  6.5,  7.8],\n","       [ 9.3,  7.2,  5.9,  5.4],\n","       [ 8.5, 10. ,  7.5,  4.5],\n","       [ 5.1, 10. ,  7.4,  3.5],\n","       [ 6.8,  4.7,  5.7,  6. ]])"]},"metadata":{},"execution_count":4}]},{"cell_type":"markdown","source":["👆 5 students (5 rows), 4 grades (4 columns)."],"metadata":{"id":"G5f-amFiqCHH"}},{"cell_type":"markdown","source":["To generate the average, the teacher decided to apply different weights to each test, according to the array below."],"metadata":{"id":"S9HBw-UprSAY"}},{"cell_type":"code","source":["weights = np.array([[0.2],\n","                    [0.3],\n","                    [0.4],\n","                    [0.1]])"],"metadata":{"id":"gGJ_1F7MrQV9","executionInfo":{"status":"ok","timestamp":1727973894552,"user_tz":180,"elapsed":416,"user":{"displayName":"Jones Granatyr","userId":"10042675233362078631"}}},"execution_count":5,"outputs":[]},{"cell_type":"code","source":["weights"],"metadata":{"colab":{"base_uri":"https://localhost:8080/"},"id":"jAlnORVBryCd","executionInfo":{"status":"ok","timestamp":1727973897417,"user_tz":180,"elapsed":373,"user":{"displayName":"Jones Granatyr","userId":"10042675233362078631"}},"outputId":"18d070a8-7684-4bb6-f0ae-29f9e978ad89"},"execution_count":6,"outputs":[{"output_type":"execute_result","data":{"text/plain":["array([[0.2],\n","       [0.3],\n","       [0.4],\n","       [0.1]])"]},"metadata":{},"execution_count":6}]},{"cell_type":"markdown","source":["#### `np.dot`"],"metadata":{"id":"aT_WE5Q4hknW"}},{"cell_type":"markdown","source":["Use `np.dot` to calculate the product between matrices `scores` and `weights`."],"metadata":{"id":"b0vnXdo3sHjl"}},{"cell_type":"code","source":["np.dot(a=scores, b=weights)"],"metadata":{"colab":{"base_uri":"https://localhost:8080/"},"id":"KDYPrVguryk8","executionInfo":{"status":"ok","timestamp":1727973919312,"user_tz":180,"elapsed":337,"user":{"displayName":"Jones Granatyr","userId":"10042675233362078631"}},"outputId":"571fbbba-e25c-4e94-9e23-72578bfcd374"},"execution_count":7,"outputs":[{"output_type":"execute_result","data":{"text/plain":["array([[5.78],\n","       [6.92],\n","       [8.15],\n","       [7.33],\n","       [5.65]])"]},"metadata":{},"execution_count":7}]},{"cell_type":"markdown","source":["Note that the result represents the **weighted average** of the students."],"metadata":{"id":"IUUyWv8csVzP"}},{"cell_type":"markdown","source":["#### `np.vdot`"],"metadata":{"id":"ATOAsqMfkGRj"}},{"cell_type":"markdown","source":["Use indexing to get the notes for student indexed 2 in a new variable."],"metadata":{"id":"0UNKZpLqs1-C"}},{"cell_type":"code","source":["scores_2 = scores[2, :]"],"metadata":{"id":"pmXfVHkdsvGZ","executionInfo":{"status":"ok","timestamp":1727973979399,"user_tz":180,"elapsed":405,"user":{"displayName":"Jones Granatyr","userId":"10042675233362078631"}}},"execution_count":8,"outputs":[]},{"cell_type":"code","source":["scores_2"],"metadata":{"colab":{"base_uri":"https://localhost:8080/"},"id":"HF2xFsXctCQm","executionInfo":{"status":"ok","timestamp":1727973981879,"user_tz":180,"elapsed":349,"user":{"displayName":"Jones Granatyr","userId":"10042675233362078631"}},"outputId":"0dd0167d-4b60-4aa5-8353-77e5501d515e"},"execution_count":9,"outputs":[{"output_type":"execute_result","data":{"text/plain":["array([ 8.5, 10. ,  7.5,  4.5])"]},"metadata":{},"execution_count":9}]},{"cell_type":"markdown","source":["Now use `np.vdot` to determine the average grade for student 2. Remeber that, since this function accepts only vectors, you must linearize `weights`, because it is formatted as a matrix. You can use either methods `ravel` or `flatten`, and you can apply the method to `weights` directly from within the `np.vdot` function."],"metadata":{"id":"K7SEoTgLtFK_"}},{"cell_type":"code","source":["weights.ravel()"],"metadata":{"colab":{"base_uri":"https://localhost:8080/"},"id":"1im1_Tkhv_i8","executionInfo":{"status":"ok","timestamp":1727974021793,"user_tz":180,"elapsed":359,"user":{"displayName":"Jones Granatyr","userId":"10042675233362078631"}},"outputId":"d8bd42d1-c826-4da6-9066-50981b2e181d"},"execution_count":11,"outputs":[{"output_type":"execute_result","data":{"text/plain":["array([0.2, 0.3, 0.4, 0.1])"]},"metadata":{},"execution_count":11}]},{"cell_type":"code","source":["np.vdot(scores_2, weights.ravel())"],"metadata":{"colab":{"base_uri":"https://localhost:8080/"},"id":"2Qo8h2KisYVV","executionInfo":{"status":"ok","timestamp":1727974033640,"user_tz":180,"elapsed":328,"user":{"displayName":"Jones Granatyr","userId":"10042675233362078631"}},"outputId":"7db92605-9687-4110-f5fa-79c7e33bdb1e"},"execution_count":12,"outputs":[{"output_type":"execute_result","data":{"text/plain":["8.15"]},"metadata":{},"execution_count":12}]},{"cell_type":"markdown","source":["Note that this is the same result obtained for student 2 in the exercise using `np.dot`."],"metadata":{"id":"DWTYsqrRtfWe"}},{"cell_type":"markdown","source":["####  `np.inner`"],"metadata":{"id":"rpyF6PrQtn8j"}},{"cell_type":"markdown","source":["Redo the same calculation but now using the `np.inner` function."],"metadata":{"id":"mnKocWsMtrkS"}},{"cell_type":"code","source":["np.inner(scores_2, weights.ravel())"],"metadata":{"colab":{"base_uri":"https://localhost:8080/"},"id":"TGQhMCqEtkty","executionInfo":{"status":"ok","timestamp":1727974065448,"user_tz":180,"elapsed":413,"user":{"displayName":"Jones Granatyr","userId":"10042675233362078631"}},"outputId":"716443bb-3c3f-45de-d2ad-120ec6eefa73"},"execution_count":13,"outputs":[{"output_type":"execute_result","data":{"text/plain":["8.15"]},"metadata":{},"execution_count":13}]},{"cell_type":"markdown","source":["Remember that, for two vectors, the `inner` product is equal to the vector product (`dot` or `vdot`)."],"metadata":{"id":"z1qhZ0xmtxaw"}},{"cell_type":"markdown","source":["#### `np.matmul`"],"metadata":{"id":"xgY-MCh7uDpG"}},{"cell_type":"markdown","source":["Once more redo the calculation, now using `np.matmul`."],"metadata":{"id":"hg3pTAKQuIT1"}},{"cell_type":"code","source":["np.matmul(scores_2, weights.ravel())"],"metadata":{"colab":{"base_uri":"https://localhost:8080/"},"id":"CI1GXxnntwQV","executionInfo":{"status":"ok","timestamp":1727974076944,"user_tz":180,"elapsed":334,"user":{"displayName":"Jones Granatyr","userId":"10042675233362078631"}},"outputId":"bbd70ae7-8335-4892-cf9c-761157e784d4"},"execution_count":14,"outputs":[{"output_type":"execute_result","data":{"text/plain":["8.15"]},"metadata":{},"execution_count":14}]},{"cell_type":"markdown","source":["The \"matrix\" multiplication between two vector does also correspond to the vector product between them."],"metadata":{"id":"QzxmvaXMuPWi"}},{"cell_type":"markdown","source":["#### `np.outer`"],"metadata":{"id":"9aCHP2cXuWou"}},{"cell_type":"markdown","source":["This function is useful when we want to obtain a matrix from the multiplication of two vectors, where the values are obtained from the multiplication of all values in the vectors."],"metadata":{"id":"2BJ2LPm0ucbM"}},{"cell_type":"markdown","source":["Given the vectors below:"],"metadata":{"id":"kTVyatcovQf8"}},{"cell_type":"code","source":["array_0 = np.array([2, 3, 7])\n","array_1 = np.array([0.7, 0.2, 0.3, 0.4])"],"metadata":{"id":"tLmFXDaeuNAw","executionInfo":{"status":"ok","timestamp":1727974115443,"user_tz":180,"elapsed":364,"user":{"displayName":"Jones Granatyr","userId":"10042675233362078631"}}},"execution_count":15,"outputs":[]},{"cell_type":"markdown","source":["Determine the matrix that is obtained by the calculation mentioned above."],"metadata":{"id":"mP22cWTbvasd"}},{"cell_type":"code","source":["np.outer(a=array_0, b=array_1)"],"metadata":{"colab":{"base_uri":"https://localhost:8080/"},"id":"UagKzolHvZ4o","executionInfo":{"status":"ok","timestamp":1727974127601,"user_tz":180,"elapsed":409,"user":{"displayName":"Jones Granatyr","userId":"10042675233362078631"}},"outputId":"6892ca62-6afb-4d74-e794-ea7524a2e4b9"},"execution_count":16,"outputs":[{"output_type":"execute_result","data":{"text/plain":["array([[1.4, 0.4, 0.6, 0.8],\n","       [2.1, 0.6, 0.9, 1.2],\n","       [4.9, 1.4, 2.1, 2.8]])"]},"metadata":{},"execution_count":16}]},{"cell_type":"markdown","source":["Observe that the matrix's shape reflects the length of the vectors: 3x4."],"metadata":{"id":"ChioXrvHvjR8"}},{"cell_type":"markdown","source":["#### `np.linalg.det`"],"metadata":{"id":"DSGxD49HnxFa"}},{"cell_type":"markdown","source":["The determinant of a matrix is used to calculate the inverse of the matrix.\n","\n","Calculate the determinant of the following matrix:"],"metadata":{"id":"CKlH3vpYvziy"}},{"cell_type":"code","source":["array_2 = rng.normal(loc=5, scale=2, size=16).reshape(4, 4)"],"metadata":{"id":"qEi2WPf8vuNm","executionInfo":{"status":"ok","timestamp":1727974150596,"user_tz":180,"elapsed":332,"user":{"displayName":"Jones Granatyr","userId":"10042675233362078631"}}},"execution_count":17,"outputs":[]},{"cell_type":"code","source":["array_2"],"metadata":{"colab":{"base_uri":"https://localhost:8080/"},"id":"FB5vW56owEwS","executionInfo":{"status":"ok","timestamp":1727974151764,"user_tz":180,"elapsed":4,"user":{"displayName":"Jones Granatyr","userId":"10042675233362078631"}},"outputId":"a0e2f3b1-8579-4942-e6bd-bb25ca544872"},"execution_count":18,"outputs":[{"output_type":"execute_result","data":{"text/plain":["array([[3.57337326, 6.10675694, 4.87382806, 3.82113748],\n","       [5.81927565, 6.65971061, 1.71395326, 4.48653975],\n","       [3.03850529, 4.65368955, 2.42116251, 5.04138079],\n","       [4.92422852, 4.3913245 , 2.90414699, 4.20761934]])"]},"metadata":{},"execution_count":18}]},{"cell_type":"code","source":["np.linalg.det(array_2)"],"metadata":{"colab":{"base_uri":"https://localhost:8080/"},"id":"fnAp2wJ6wGuF","executionInfo":{"status":"ok","timestamp":1727974158115,"user_tz":180,"elapsed":536,"user":{"displayName":"Jones Granatyr","userId":"10042675233362078631"}},"outputId":"d0aa5bbf-be61-45df-c1fc-a1968fb59e49"},"execution_count":19,"outputs":[{"output_type":"execute_result","data":{"text/plain":["101.71871198583534"]},"metadata":{},"execution_count":19}]},{"cell_type":"markdown","source":["#### `np.linalg.inv`"],"metadata":{"id":"PxqtOMCfougW"}},{"cell_type":"markdown","source":["But you can also obtain the inverse directly from the fuction `np.linalg.inv`. Do this for `array_2`."],"metadata":{"id":"oTLk-qxJwM_L"}},{"cell_type":"code","source":["array_2_inv = np.linalg.inv(array_2)"],"metadata":{"id":"OR2JRVgavusu","executionInfo":{"status":"ok","timestamp":1727974173693,"user_tz":180,"elapsed":371,"user":{"displayName":"Jones Granatyr","userId":"10042675233362078631"}}},"execution_count":20,"outputs":[]},{"cell_type":"code","source":["array_2_inv"],"metadata":{"colab":{"base_uri":"https://localhost:8080/"},"id":"pUP9I1dDwkAG","executionInfo":{"status":"ok","timestamp":1727974176613,"user_tz":180,"elapsed":793,"user":{"displayName":"Jones Granatyr","userId":"10042675233362078631"}},"outputId":"fc62b868-6077-4562-d493-565c424257cd"},"execution_count":21,"outputs":[{"output_type":"execute_result","data":{"text/plain":["array([[-0.12133586,  0.03653967, -0.30410658,  0.43559582],\n","       [ 0.18856179,  0.30405942,  0.00121017, -0.49690715],\n","       [ 0.21974751, -0.27338361, -0.12332989,  0.2397113 ],\n","       [-0.20646582, -0.17140502,  0.43976035,  0.08103165]])"]},"metadata":{},"execution_count":21}]},{"cell_type":"markdown","source":["Use `np.matmul` to confirm that the matrix multiplication between a matrix and its inverse results in the identity matrix, where the values in the diagonal equal 1, and all others are 0."],"metadata":{"id":"FEQBg7wywk6-"}},{"cell_type":"code","source":["array_mul = np.matmul(array_2, array_2_inv)"],"metadata":{"id":"2FY-VB9EwYeD","executionInfo":{"status":"ok","timestamp":1727974212897,"user_tz":180,"elapsed":885,"user":{"displayName":"Jones Granatyr","userId":"10042675233362078631"}}},"execution_count":22,"outputs":[]},{"cell_type":"code","source":["array_mul"],"metadata":{"colab":{"base_uri":"https://localhost:8080/"},"id":"_kb8y4N-w7a3","executionInfo":{"status":"ok","timestamp":1727974224724,"user_tz":180,"elapsed":550,"user":{"displayName":"Jones Granatyr","userId":"10042675233362078631"}},"outputId":"1b3c7160-8a3a-48ad-ae01-6358b3989896"},"execution_count":23,"outputs":[{"output_type":"execute_result","data":{"text/plain":["array([[ 1.00000000e+00, -2.28370863e-16, -4.34034021e-17,\n","        -1.88323981e-16],\n","       [-1.56417331e-16,  1.00000000e+00,  2.45108307e-16,\n","         3.63683316e-17],\n","       [-1.72780463e-16, -2.91534209e-16,  1.00000000e+00,\n","        -1.67128393e-16],\n","       [ 3.04949725e-17, -3.01842060e-16, -1.31248302e-16,\n","         1.00000000e+00]])"]},"metadata":{},"execution_count":23}]},{"cell_type":"markdown","source":["These values are difficult to interpret because of the rounding operations performed by NumPy."],"metadata":{"id":"NHCtPjtcxYSx"}},{"cell_type":"markdown","source":["Let's instantiate an identity matrix with the same shape as `array_mul`. This is done with the function `np.identity`."],"metadata":{"id":"ttZHRaGNw_oh"}},{"cell_type":"code","source":["array_identity = np.identity(n=4)"],"metadata":{"id":"e7b2owtuwzY4","executionInfo":{"status":"ok","timestamp":1727974251001,"user_tz":180,"elapsed":346,"user":{"displayName":"Jones Granatyr","userId":"10042675233362078631"}}},"execution_count":24,"outputs":[]},{"cell_type":"code","source":["array_identity"],"metadata":{"colab":{"base_uri":"https://localhost:8080/"},"id":"dpS6kmWcxHKm","executionInfo":{"status":"ok","timestamp":1727974252117,"user_tz":180,"elapsed":5,"user":{"displayName":"Jones Granatyr","userId":"10042675233362078631"}},"outputId":"3b28e506-840c-4fa7-a31e-493d574a8988"},"execution_count":25,"outputs":[{"output_type":"execute_result","data":{"text/plain":["array([[1., 0., 0., 0.],\n","       [0., 1., 0., 0.],\n","       [0., 0., 1., 0.],\n","       [0., 0., 0., 1.]])"]},"metadata":{},"execution_count":25}]},{"cell_type":"markdown","source":["Finally, use `np.allclose` to verify that indeed the values in `array_mul` are virtually equal to `array_identity`."],"metadata":{"id":"TrMIAyCcxIfQ"}},{"cell_type":"code","source":["np.allclose(a=array_mul, b=array_identity)"],"metadata":{"colab":{"base_uri":"https://localhost:8080/"},"id":"QdJXYe-2xQ6s","executionInfo":{"status":"ok","timestamp":1727974273789,"user_tz":180,"elapsed":471,"user":{"displayName":"Jones Granatyr","userId":"10042675233362078631"}},"outputId":"89cff942-59a9-4536-bf5b-8ec6d11dd0bf"},"execution_count":26,"outputs":[{"output_type":"execute_result","data":{"text/plain":["True"]},"metadata":{},"execution_count":26}]}]}