{"nbformat":4,"nbformat_minor":0,"metadata":{"colab":{"provenance":[{"file_id":"1g1H3K-QI7LJ9IuALXew_DZkyAm1qSkWt","timestamp":1715180430163}]},"kernelspec":{"name":"python3","display_name":"Python 3"},"language_info":{"name":"python"}},"cells":[{"cell_type":"code","execution_count":null,"metadata":{"colab":{"base_uri":"https://localhost:8080/","height":35},"id":"9U5fHsTXmTlI","executionInfo":{"status":"ok","timestamp":1711202895792,"user_tz":180,"elapsed":198,"user":{"displayName":"Denny Ceccon","userId":"02390744576643771499"}},"outputId":"41445b42-6440-4b60-99c2-073fc91c0101"},"outputs":[{"output_type":"execute_result","data":{"text/plain":["'1.25.2'"],"application/vnd.google.colaboratory.intrinsic+json":{"type":"string"}},"metadata":{},"execution_count":1}],"source":["import numpy as np\n","np.__version__"]},{"cell_type":"markdown","source":["### Matrix and vector products"],"metadata":{"id":"jA1Yy1o-hQFm"}},{"cell_type":"markdown","source":["The following array represents the grades from 5 students in 4 tests applied along a semester."],"metadata":{"id":"x3et92EVqR9t"}},{"cell_type":"code","source":["rng = np.random.default_rng(seed=5)"],"metadata":{"id":"IPPMPJzCqYUO"},"execution_count":null,"outputs":[]},{"cell_type":"code","source":["scores = np.clip( # limits the grade in the interval [0, 10]\n","    a=np.round( # rounds the grades to 1 decimal point\n","        a=rng.normal(loc=7, scale=2, size=20), # samples numbers from a normal distribution\n","        decimals=1\n","        ),\n","    a_min=0,\n","    a_max=10\n",").reshape(5, 4) # reshapes to the desired shape"],"metadata":{"id":"wyDF3CSRqdv6"},"execution_count":null,"outputs":[]},{"cell_type":"code","source":["scores"],"metadata":{"colab":{"base_uri":"https://localhost:8080/"},"id":"HVNVVSwWrPVu","executionInfo":{"status":"ok","timestamp":1711202895794,"user_tz":180,"elapsed":178,"user":{"displayName":"Denny Ceccon","userId":"02390744576643771499"}},"outputId":"9ab8d65a-9fb6-4d33-eeee-477851030a18"},"execution_count":null,"outputs":[{"output_type":"execute_result","data":{"text/plain":["array([[ 5.4,  4.4,  6.5,  7.8],\n","       [ 9.3,  7.2,  5.9,  5.4],\n","       [ 8.5, 10. ,  7.5,  4.5],\n","       [ 5.1, 10. ,  7.4,  3.5],\n","       [ 6.8,  4.7,  5.7,  6. ]])"]},"metadata":{},"execution_count":4}]},{"cell_type":"markdown","source":["👆 5 students (5 rows), 4 grades (4 columns)."],"metadata":{"id":"G5f-amFiqCHH"}},{"cell_type":"markdown","source":["To generate the average, the teacher decided to apply different weights to each test, according to the array below."],"metadata":{"id":"S9HBw-UprSAY"}},{"cell_type":"code","source":["weights = np.array([[0.2],\n","                    [0.3],\n","                    [0.4],\n","                    [0.1]])"],"metadata":{"id":"gGJ_1F7MrQV9"},"execution_count":null,"outputs":[]},{"cell_type":"code","source":["weights"],"metadata":{"colab":{"base_uri":"https://localhost:8080/"},"id":"jAlnORVBryCd","executionInfo":{"status":"ok","timestamp":1711202895796,"user_tz":180,"elapsed":167,"user":{"displayName":"Denny Ceccon","userId":"02390744576643771499"}},"outputId":"f058cb90-2b4b-404d-c98d-fdd7c8e4bbc3"},"execution_count":null,"outputs":[{"output_type":"execute_result","data":{"text/plain":["array([[0.2],\n","       [0.3],\n","       [0.4],\n","       [0.1]])"]},"metadata":{},"execution_count":6}]},{"cell_type":"markdown","source":["#### `np.dot`"],"metadata":{"id":"aT_WE5Q4hknW"}},{"cell_type":"markdown","source":["Use `np.dot` to calculate the product between matrices `scores` and `weights`."],"metadata":{"id":"b0vnXdo3sHjl"}},{"cell_type":"code","source":["..."],"metadata":{"colab":{"base_uri":"https://localhost:8080/"},"id":"KDYPrVguryk8","executionInfo":{"status":"ok","timestamp":1711202895797,"user_tz":180,"elapsed":164,"user":{"displayName":"Denny Ceccon","userId":"02390744576643771499"}},"outputId":"c041ab44-0916-48b1-b546-09dd46536646"},"execution_count":null,"outputs":[{"output_type":"execute_result","data":{"text/plain":["array([[5.78],\n","       [6.92],\n","       [8.15],\n","       [7.33],\n","       [5.65]])"]},"metadata":{},"execution_count":7}]},{"cell_type":"markdown","source":["Note that the result represents the **weighted average** of the students."],"metadata":{"id":"IUUyWv8csVzP"}},{"cell_type":"markdown","source":["#### `np.vdot`"],"metadata":{"id":"ATOAsqMfkGRj"}},{"cell_type":"markdown","source":["Use indexing to get the notes for student indexed 2 in a new variable."],"metadata":{"id":"0UNKZpLqs1-C"}},{"cell_type":"code","source":["scores_2 = ..."],"metadata":{"id":"pmXfVHkdsvGZ"},"execution_count":null,"outputs":[]},{"cell_type":"code","source":["scores_2"],"metadata":{"colab":{"base_uri":"https://localhost:8080/"},"id":"HF2xFsXctCQm","executionInfo":{"status":"ok","timestamp":1711202895799,"user_tz":180,"elapsed":161,"user":{"displayName":"Denny Ceccon","userId":"02390744576643771499"}},"outputId":"10f98244-0bfe-4b6b-ce3b-6e5da57b3ebe"},"execution_count":null,"outputs":[{"output_type":"execute_result","data":{"text/plain":["array([ 8.5, 10. ,  7.5,  4.5])"]},"metadata":{},"execution_count":9}]},{"cell_type":"markdown","source":["Now use `np.vdot` to determine the average grade for student 2. Remeber that, since this function accepts only vectors, you must linearize `weights`, because it is formatted as a matrix. You can use either methods `ravel` or `flatten`, and you can apply the method to `weights` directly from within the `np.vdot` function."],"metadata":{"id":"K7SEoTgLtFK_"}},{"cell_type":"code","source":["..."],"metadata":{"colab":{"base_uri":"https://localhost:8080/"},"id":"2Qo8h2KisYVV","executionInfo":{"status":"ok","timestamp":1711202895809,"user_tz":180,"elapsed":168,"user":{"displayName":"Denny Ceccon","userId":"02390744576643771499"}},"outputId":"063a3a12-ea03-4ab7-f10e-906ddf18ad7d"},"execution_count":null,"outputs":[{"output_type":"execute_result","data":{"text/plain":["8.15"]},"metadata":{},"execution_count":10}]},{"cell_type":"markdown","source":["Note that this is the same result obtained for student 2 in the exercise using `np.dot`."],"metadata":{"id":"DWTYsqrRtfWe"}},{"cell_type":"markdown","source":["####  `np.inner`"],"metadata":{"id":"rpyF6PrQtn8j"}},{"cell_type":"markdown","source":["Redo the same calculation but now using the `np.inner` function."],"metadata":{"id":"mnKocWsMtrkS"}},{"cell_type":"code","source":["..."],"metadata":{"colab":{"base_uri":"https://localhost:8080/"},"id":"TGQhMCqEtkty","executionInfo":{"status":"ok","timestamp":1711202895810,"user_tz":180,"elapsed":166,"user":{"displayName":"Denny Ceccon","userId":"02390744576643771499"}},"outputId":"e03b2d8a-f004-460a-a9a9-26a685979419"},"execution_count":null,"outputs":[{"output_type":"execute_result","data":{"text/plain":["8.15"]},"metadata":{},"execution_count":11}]},{"cell_type":"markdown","source":["Remember that, for two vectors, the `inner` product is equal to the vector product (`dot` or `vdot`)."],"metadata":{"id":"z1qhZ0xmtxaw"}},{"cell_type":"markdown","source":["#### `np.matmul`"],"metadata":{"id":"xgY-MCh7uDpG"}},{"cell_type":"markdown","source":["Once more redo the calculation, now using `np.matmul`."],"metadata":{"id":"hg3pTAKQuIT1"}},{"cell_type":"code","source":["..."],"metadata":{"colab":{"base_uri":"https://localhost:8080/"},"id":"CI1GXxnntwQV","executionInfo":{"status":"ok","timestamp":1711202895811,"user_tz":180,"elapsed":164,"user":{"displayName":"Denny Ceccon","userId":"02390744576643771499"}},"outputId":"6c454197-779b-4d11-8f54-243403bb2c2e"},"execution_count":null,"outputs":[{"output_type":"execute_result","data":{"text/plain":["8.15"]},"metadata":{},"execution_count":12}]},{"cell_type":"markdown","source":["The \"matrix\" multiplication between two vector does also correspond to the vector product between them."],"metadata":{"id":"QzxmvaXMuPWi"}},{"cell_type":"markdown","source":["#### `np.outer`"],"metadata":{"id":"9aCHP2cXuWou"}},{"cell_type":"markdown","source":["This function is useful when we want to obtain a matrix from the multiplication of two vectors, where the values are obtained from the multiplication of all values in the vectors."],"metadata":{"id":"2BJ2LPm0ucbM"}},{"cell_type":"markdown","source":["Given the vectors below:"],"metadata":{"id":"kTVyatcovQf8"}},{"cell_type":"code","source":["array_0 = np.array([2, 3, 7])\n","array_1 = np.array([0.7, 0.2, 0.3, 0.4])"],"metadata":{"id":"tLmFXDaeuNAw"},"execution_count":null,"outputs":[]},{"cell_type":"markdown","source":["Determine the matrix that is obtained by the calculation mentioned above."],"metadata":{"id":"mP22cWTbvasd"}},{"cell_type":"code","source":["..."],"metadata":{"colab":{"base_uri":"https://localhost:8080/"},"id":"UagKzolHvZ4o","executionInfo":{"status":"ok","timestamp":1711202895811,"user_tz":180,"elapsed":158,"user":{"displayName":"Denny Ceccon","userId":"02390744576643771499"}},"outputId":"70f09993-cedf-4471-f661-2dc5f7d2e7d0"},"execution_count":null,"outputs":[{"output_type":"execute_result","data":{"text/plain":["array([[1.4, 0.4, 0.6, 0.8],\n","       [2.1, 0.6, 0.9, 1.2],\n","       [4.9, 1.4, 2.1, 2.8]])"]},"metadata":{},"execution_count":14}]},{"cell_type":"markdown","source":["Observe that the matrix's shape reflects the length of the vectors: 3x4."],"metadata":{"id":"ChioXrvHvjR8"}},{"cell_type":"markdown","source":["#### `np.linalg.det`"],"metadata":{"id":"DSGxD49HnxFa"}},{"cell_type":"markdown","source":["The determinant of a matrix is used to calculate the inverse of the matrix.\n","\n","Calculate the determinant of the following matrix:"],"metadata":{"id":"CKlH3vpYvziy"}},{"cell_type":"code","source":["array_2 = rng.normal(loc=5, scale=2, size=16).reshape(4, 4)"],"metadata":{"id":"qEi2WPf8vuNm"},"execution_count":null,"outputs":[]},{"cell_type":"code","source":["array_2"],"metadata":{"colab":{"base_uri":"https://localhost:8080/"},"id":"FB5vW56owEwS","executionInfo":{"status":"ok","timestamp":1711202895815,"user_tz":180,"elapsed":157,"user":{"displayName":"Denny Ceccon","userId":"02390744576643771499"}},"outputId":"a38b1b09-3071-4bc6-95fe-8302aa993e85"},"execution_count":null,"outputs":[{"output_type":"execute_result","data":{"text/plain":["array([[3.57337326, 6.10675694, 4.87382806, 3.82113748],\n","       [5.81927565, 6.65971061, 1.71395326, 4.48653975],\n","       [3.03850529, 4.65368955, 2.42116251, 5.04138079],\n","       [4.92422852, 4.3913245 , 2.90414699, 4.20761934]])"]},"metadata":{},"execution_count":16}]},{"cell_type":"code","source":["..."],"metadata":{"colab":{"base_uri":"https://localhost:8080/"},"id":"fnAp2wJ6wGuF","executionInfo":{"status":"ok","timestamp":1711202895815,"user_tz":180,"elapsed":153,"user":{"displayName":"Denny Ceccon","userId":"02390744576643771499"}},"outputId":"0c6b8341-cb40-405e-c16f-1cc070ccacaa"},"execution_count":null,"outputs":[{"output_type":"execute_result","data":{"text/plain":["101.71871198583534"]},"metadata":{},"execution_count":17}]},{"cell_type":"markdown","source":["#### `np.linalg.inv`"],"metadata":{"id":"PxqtOMCfougW"}},{"cell_type":"markdown","source":["But you can also obtain the inverse directly from the fuction `np.linalg.inv`. Do this for `array_2`."],"metadata":{"id":"oTLk-qxJwM_L"}},{"cell_type":"code","source":["array_2_inv = ..."],"metadata":{"id":"OR2JRVgavusu"},"execution_count":null,"outputs":[]},{"cell_type":"code","source":["array_2_inv"],"metadata":{"colab":{"base_uri":"https://localhost:8080/"},"id":"pUP9I1dDwkAG","executionInfo":{"status":"ok","timestamp":1711202895817,"user_tz":180,"elapsed":146,"user":{"displayName":"Denny Ceccon","userId":"02390744576643771499"}},"outputId":"57a9ea03-c0f8-4d7a-d5da-510fc248f6db"},"execution_count":null,"outputs":[{"output_type":"execute_result","data":{"text/plain":["array([[-0.12133586,  0.03653967, -0.30410658,  0.43559582],\n","       [ 0.18856179,  0.30405942,  0.00121017, -0.49690715],\n","       [ 0.21974751, -0.27338361, -0.12332989,  0.2397113 ],\n","       [-0.20646582, -0.17140502,  0.43976035,  0.08103165]])"]},"metadata":{},"execution_count":19}]},{"cell_type":"markdown","source":["Use `np.matmul` to confirm that the matrix multiplication between a matrix and its inverse results in the identity matrix, where the values in the diagonal equal 1, and all others are 0."],"metadata":{"id":"FEQBg7wywk6-"}},{"cell_type":"code","source":["array_mul = ..."],"metadata":{"id":"2FY-VB9EwYeD"},"execution_count":null,"outputs":[]},{"cell_type":"code","source":["array_mul"],"metadata":{"colab":{"base_uri":"https://localhost:8080/"},"id":"_kb8y4N-w7a3","executionInfo":{"status":"ok","timestamp":1711202895827,"user_tz":180,"elapsed":150,"user":{"displayName":"Denny Ceccon","userId":"02390744576643771499"}},"outputId":"1a3fad66-dfdc-474f-e54f-3d81026f4584"},"execution_count":null,"outputs":[{"output_type":"execute_result","data":{"text/plain":["array([[ 1.00000000e+00, -2.28370863e-16, -4.34034021e-17,\n","        -1.88323981e-16],\n","       [-1.56417331e-16,  1.00000000e+00,  2.45108307e-16,\n","         3.63683316e-17],\n","       [-1.72780463e-16, -2.91534209e-16,  1.00000000e+00,\n","        -1.67128393e-16],\n","       [ 3.04949725e-17, -3.01842060e-16, -1.31248302e-16,\n","         1.00000000e+00]])"]},"metadata":{},"execution_count":21}]},{"cell_type":"markdown","source":["These values are difficult to interpret because of the rounding operations performed by NumPy."],"metadata":{"id":"NHCtPjtcxYSx"}},{"cell_type":"markdown","source":["Let's instantiate an identity matrix with the same shape as `array_mul`. This is done with the function `np.identity`."],"metadata":{"id":"ttZHRaGNw_oh"}},{"cell_type":"code","source":["array_identity = ..."],"metadata":{"id":"e7b2owtuwzY4"},"execution_count":null,"outputs":[]},{"cell_type":"code","source":["array_identity"],"metadata":{"colab":{"base_uri":"https://localhost:8080/"},"id":"dpS6kmWcxHKm","executionInfo":{"status":"ok","timestamp":1711202895830,"user_tz":180,"elapsed":149,"user":{"displayName":"Denny Ceccon","userId":"02390744576643771499"}},"outputId":"fc6d4690-be6a-470a-837a-2c78bd6ce594"},"execution_count":null,"outputs":[{"output_type":"execute_result","data":{"text/plain":["array([[1., 0., 0., 0.],\n","       [0., 1., 0., 0.],\n","       [0., 0., 1., 0.],\n","       [0., 0., 0., 1.]])"]},"metadata":{},"execution_count":23}]},{"cell_type":"markdown","source":["Finally, use `np.allclose` to verify that indeed the values in `array_mul` are virtually equal to `array_identity`."],"metadata":{"id":"TrMIAyCcxIfQ"}},{"cell_type":"code","source":["..."],"metadata":{"colab":{"base_uri":"https://localhost:8080/"},"id":"QdJXYe-2xQ6s","executionInfo":{"status":"ok","timestamp":1711202895830,"user_tz":180,"elapsed":140,"user":{"displayName":"Denny Ceccon","userId":"02390744576643771499"}},"outputId":"9431e478-c5f9-433a-a0b3-0734994fb4d5"},"execution_count":null,"outputs":[{"output_type":"execute_result","data":{"text/plain":["True"]},"metadata":{},"execution_count":24}]}]}